71
22
46
73
76
61
49
22
38
75
43
75
57
71
10
50
91
0
92
59
87
25
23
62
55
78
47
25
0
77
81
13
25
27
51
85
19
60
96
81
25
96
43
25
81
35
54
67
28
33
15
92
33
25
98
55
68
58
59
91
95
39
46
72
41
35
60
26
34
71
61
50
53
20
77
62
54
10
41
36
11
21
28
91
72
89
79
99
28
96
27
61
10
15
86
86
60
70
84
55
75
37
42
56
72
64
49
23
48
45
10
68
27
32
90
84
20
54
10
52
56
60
97
38
54
10
49
48
34
90
12
84
25
85
61
73
78
71
29
17
49
65
60
83
95
58
43
77
25
11
75
16
69
42
99
24
40
13
12
71
24
10
89
57
43
25
53
42
71
26
15
49
34
93
12
91
10
24
43
96
66
72
32
32
25
95
25
82
86
47
42
75
69
57
92
49
76
13
50
79
15
11
16
98
95
35
82
75
40
17
24
26
70
15
15
52
78
66
41
47
10
70
55
34
84
40
80
76
11
63
25
96
73
63
90
64
66
34
36
89
23
49
52
78
32
25
14
63
52
49
70
19
71
12
79
44
55
82
23
65
55
15
74
77
92
27
52
17
24
50
86
53
39
51
33
61
28
77
11
68
35
26
33
61
92
15
35
71
83
55
19
84
20
71
44
17
74
74
85
15
73
97
48
12
63
27
79
29
78
27
26
78
80
55
39
39
81
23
85
87
91
81
33
69
41
12
43
68
17
25
86
53
91
96
95
37
77
31
97
74
35
16
92
66
39
40
0
13
65
41
15
36
61
89
98
23
91
74
79
70
61
84
21
21
62
41
72
86
84
59
11
61
59
25
20
61
85
88
67
39
10
98
77
37
12
89
34
64
92
82
13
63
98
1000000000
60
46
90
24
94
39
34
67
53
29
15
39
53
76
46
78
47
37
13
17
50
70
62
16
84
18
73
16
17
94
11
56
48
63
99
78
29
46
91
58
42
72
57
79
72
1000000000
97
59
23
88
86
55
55
10
55
58
90
84
84
40
85
66
28
59
59
27
58
91
90
77
67
58
10
46
54
75
77
23
82
43
86
59
59
27
31
48
56
56
92
14
18
94
45
15
15
91
23
23
97
62
23
15
68
46
30
37
54
18
55
80
80
77
11
50
53
35
17
10
37
20
71
12
99
85
68
73
23
94
41
62
61
64
25
30
29
81
91
23
97
94
93
48
11
21
33
41
92
94
62
79
84
23
86
1000000000
86
91
21
16
82
77
57
24
60
76
92
29
26
61
81
31
72
44
94
13
42
0
27
32
11
87
61
37
81
28
42
61
78
48
78
39
38
18
75
18
45
49
80
43
71
18
92
17
79
20
73
90
45
90
19
53
69
68
20
29
31
50
76
96
27
25
24
81
48
32
52
23
96
35
58
63
62
83
61
92
94
54
57
70
54
52
26
87
38
35
69
70
97
56
87
94
73
83
25
56
94
21
68
56
68
60
93
19
41
55
90
86
17
28
34
76
92
16
51
75
98
36
52
23
62
82
25
50
48
63
90
78
67
15
97
82
85
10
11
94
59
16
56
82
44
83
63
78
31
20
12
67
42
50
57
68
69
55
94
86
44
52
71
77
65
21
28
11
30
52
90
91
14
